53.6286778620528 -113.550361872457
53.5588891784939 -113.529345444813
53.6045918745838 -113.544320869782
53.5751094305858 -113.541185211669
53.5963155444642 -113.501115375911
53.5589203578004 -113.503960351212
53.5815037785762 -113.55724388109
53.579441029212 -113.492267389122
53.5597410035451 -113.516079789624
53.5664341711592 -113.574677161587
53.5641009116755 -113.508488063416
53.5592139895222 -113.534486914203
53.6118891844044 -113.511282474466
53.6115688909451 -113.519697413346
53.6119607057002 -113.50777688388
53.599377440409 -113.558927670651
53.5665464758984 -113.502928047227
53.6291358172964 -113.567844608614
53.574430743687 -113.508521559341
53.562505142841 -113.512189596387
53.5588813512253 -113.526999342459
53.5995353450494 -113.568863710628
53.6021295637334 -113.541236147912
53.567255006844 -113.52767768251
53.5921336521633 -113.516531457568
53.6190606158424 -113.545894665944
53.5592139895222 -113.534486914203
53.5994734966722 -113.541174965164
53.5927421503774 -113.493272687394
53.6122653432279 -113.545372827885
53.5927914408302 -113.552949266752
53.610712173121 -113.525703984178
53.5735413339742 -113.492268959819
53.5735413339742 -113.492268959819
53.5995353450494 -113.568863710628
53.604161260052 -113.541299794559
53.5625055582675 -113.547321982676
53.562505142841 -113.512189596387
53.5848902484273 -113.590288153087
53.5592139895222 -113.534486914203
53.5665464758984 -113.502928047227
53.5592139895222 -113.534486914203
53.5946103871438 -113.491981553492
53.579441029212 -113.492267389122
53.5963155444642 -113.501115375911
53.5995260497324 -113.5752506275
53.5636568750653 -113.541178959173
53.5957496829891 -113.527737908704
53.5597410035451 -113.516079789624
53.579441029212 -113.492267389122
53.579441029212 -113.492267389122
53.5946103871438 -113.491981553492
53.5608193020673 -113.508421806899
53.5677801231591 -113.499858858702
53.5592139895222 -113.534486914203
53.5592139895222 -113.534486914203
53.5590658081335 -113.534860427091
53.6059247560789 -113.52395276349
53.5702811031392 -113.544541534662
53.5847808134721 -113.491978536415
53.5589745483644 -113.503078783444
53.5895397519652 -113.527580572844
53.6069596460276 -113.548252754721
53.5807581175981 -113.525694987008
53.5597173162794 -113.492988427487
53.6042965982791 -113.530331679732
53.5886510904082 -113.492586956258
53.5655925267043 -113.541492723193
53.5703237997227 -113.541170522375
53.5589745483644 -113.503078783444
53.5668613570134 -113.544838140357
53.558902506168 -113.532427949803
53.5947380835845 -113.540747151242
53.5859686791706 -113.494410791513
53.5963788931364 -113.49267035812
53.5847808134721 -113.491978536415
53.6068190777593 -113.529666542313
53.5812939664008 -113.577963532181
53.5921880959511 -113.54116680903
53.596421340012 -113.541176393882
53.5653347681653 -113.579442874675
53.5766578139667 -113.492273264317
53.5815037785762 -113.55724388109
53.5847808134721 -113.491978536415
53.5854540607001 -113.56094197932
53.5920948878135 -113.506598877008
53.5767315530369 -113.49923957932
53.5993692788483 -113.602651840833
53.6132760546597 -113.519653830151
53.5751133115885 -113.537739279798
53.6208458736979 -113.559833896709
53.6050480716071 -113.518206272714
53.5592139895222 -113.534486914203
53.5775987564925 -113.590350448266
53.5838536903131 -113.554866309854
53.5691579591698 -113.537076372545
53.5589731913297 -113.501078577163
53.6083166217924 -113.552685213212
53.5994449636705 -113.51660482981
53.6064323941622 -113.496065473115
53.5956442618799 -113.56136289227
53.558945135184 -113.495551608894
53.5719532130119 -113.501066020919
53.5861537412129 -113.503560496045
53.5806804747661 -113.541196222596
53.5994897784692 -113.534935197954
53.5595937209284 -113.538010508675
53.5589745483644 -113.503078783444
53.5642330896678 -113.527010060951
53.5962085964461 -113.503488248217
53.6189914789586 -113.604601362199
